noisy hard run 1: coda_hard_p1
2020-05-27 06:21:16,452 Initializing dataset PointNav-v1
2020-05-27 06:21:18,555 Initializing dataset PointNav-v1
2020-05-27 06:21:18,557 initializing sim Sim-v0
2020-05-27 06:21:20,285 Initializing task Nav-v0
2020-05-27 06:21:20,498 Overwriting CNN input size of depth: (256, 256)
2020-05-27 06:21:20,500 Overwriting CNN input size of rgb: (256, 256)
new_model_params: 12459621, saved_model_params: 12459630
METRICS:  ['DISTANCE_TO_GOAL', 'SUCCESS', 'SPL', 'BASE_STATE', 'COLLISIONS', 'SOFT_SPL', 'TOP_DOWN_MAP', 'EPISODE_DISTANCE']
METRIC UUID:  spl
Ep_id:  0 Start_pos:  [-0.29470527172088623, 0.16391399502754211, 1.5294079780578613] [0, 0.3727034301741707, 0, 0.9279505122237969] Goal_pos:  [0.23368504643440247, 0.16391399502754211, -6.46978235244751]
[0, 0, 0, 3, 0]
[-0.29470527172088623, -1.529407978057861, 0.24024251602849753, 1, 0]
[-0.35418981313705444, -1.2865879535675049, 0.24024251602849753, 3, 0]
[-0.35418981313705444, -1.2865879535675049, -0.2833563046153076, 1, 0]
[-0.28429490327835083, -1.0465573072433472, -0.2833563046153076, 1, 0]
[-0.21439997851848602, -0.8065266609191895, -0.2833563046153076, 1, 0]
[-0.14450505375862122, -0.5664960145950317, -0.2833563046153076, 1, 0]
[-0.07461012899875641, -0.32646539807319636, -0.2833563046153076, 2, 0]
[-0.07461012899875641, -0.32646539807319636, 0.24024247164714407, 2, 0]
[-0.07461012899875641, -0.32646539807319636, 0.7638413268608267, 1, 0]
[-0.24753530323505402, -0.14591932296752924, 0.7638413268608267, 1, 0]
[-0.42046046257019043, 0.03462675213813787, 0.7638413268608267, 3, 0]
[-0.42046046257019043, 0.03462675213813787, 0.24024251602849753, 3, 0]
[-0.42046046257019043, 0.03462675213813787, -0.2833563046153076, 1, 0]
[-0.3505655527114868, 0.2746573686599732, -0.2833563046153076, 1, 0]
[-0.2806706428527832, 0.514688014984131, -0.2833563046153076, 1, 0]
[-0.2107757180929184, 0.7547186613082886, -0.2833563046153076, 1, 0]
[-0.1408807933330536, 0.9947493076324463, -0.2833563046153076, 2, 0]
[-0.1408807933330536, 0.9947493076324463, 0.24024247164714407, 2, 0]
[-0.1408807933330536, 0.9947493076324463, 0.7638413268608267, 1, 0]
[-0.3138059675693512, 1.175295352935791, 0.7638413268608267, 1, 0]
[-0.4867311418056488, 1.3558413982391357, 0.7638413268608267, 1, 0]
[-0.659656286239624, 1.5363874435424805, 0.7638413268608267, 3, 0]
[-0.659656286239624, 1.5363874435424805, 0.24024251602849753, 3, 0]
[-0.659656286239624, 1.5363874435424805, -0.2833563046153076, 1, 0]
[-0.5897613763809204, 1.7764180898666382, -0.2833563046153076, 1, 0]
[-0.5198664665222168, 2.016448736190796, -0.2833563046153076, 1, 0]
[-0.4499715566635132, 2.256479263305664, -0.2833563046153076, 1, 0]
[-0.38007664680480957, 2.4965097904205322, -0.2833563046153076, 2, 0]
[-0.38007664680480957, 2.4965097904205322, 0.24024247164714407, 1, 0]
[-0.4395611882209778, 2.7393298149108887, 0.24024247164714407, 1, 0]
[-0.499045729637146, 2.982149839401245, 0.24024247164714407, 3, 0]
[-0.499045729637146, 2.982149839401245, -0.2833563341190224, 2, 0]
[-0.499045729637146, 2.982149839401245, 0.24024244205957493, 1, 0]
[-0.5585302710533142, 3.2249698638916016, 0.24024244205957493, 3, 0]
[-0.5585302710533142, 3.2249698638916016, -0.2833563636227371, 2, 0]
[-0.5585302710533142, 3.2249698638916016, 0.24024241247200576, 1, 0]
[-0.6180148124694824, 3.467789888381958, 0.24024241247200576, 1, 0]
[-0.6774993538856506, 3.7106099128723145, 0.24024241247200576, 1, 0]
[-0.7369838953018188, 3.953429937362671, 0.24024241247200576, 1, 0]
[-0.7964684367179871, 4.196249961853027, 0.24024241247200576, 3, 0]
[-0.7964684367179871, 4.196249961853027, -0.2833563931264518, 2, 0]
[-0.7964684367179871, 4.196249961853027, 0.24024238288443636, 1, 0]
[-0.8559529781341553, 4.439070224761963, 0.24024238288443636, 1, 0]
[-0.9154375195503235, 4.681890487670898, 0.24024238288443636, 3, 0]
[-0.9154375195503235, 4.681890487670898, -0.28335645213388055, 1, 0]
[-0.8455425500869751, 4.921921253204346, -0.28335645213388055, 2, 0]
[-0.8455425500869751, 4.921921253204346, 0.24024232370929738, 1, 0]
[-0.9050270318984985, 5.164741516113281, 0.24024232370929738, 1, 0]
[-0.964511513710022, 5.407561779022217, 0.24024232370929738, 3, 0]
[-0.964511513710022, 5.407561779022217, -0.2833565111413089, 3, 0]
[-0.964511513710022, 5.407561779022217, -0.8069553034854916, 3, 0]
[-0.964511513710022, 5.407561779022217, -1.3305541479692695, 1, 0]
[-0.7216914296150208, 5.46704626083374, -1.3305541479692695, 2, 0]
[-0.7216914296150208, 5.46704626083374, -0.8069553502893366, 2, 0]
[-0.7216914296150208, 5.46704626083374, -0.2833565996524504, 1, 0]
[-0.6517964601516724, 5.7070770263671875, -0.2833565996524504, 1, 0]
[-0.5819014310836792, 5.947107791900635, -0.2833565996524504, 1, 0]
[-0.512006402015686, 6.187138557434082, -0.2833565996524504, 3, 0]
[-0.512006402015686, 6.187138557434082, -0.8069553583039493, 3, 0]
[-0.512006402015686, 6.187138557434082, -1.3305541479692695, 2, 0]
[-0.512006402015686, 6.187138557434082, -0.8069553502893366, 1, 0]
[-0.33146026730537415, 6.360063552856445, -0.8069553502893366, 3, 0]
[-0.33146026730537415, 6.360063552856445, -1.3305541479692695, 1, 0]
[-0.08864016830921173, 6.419548034667969, -1.3305541479692695, 1, 0]
[0.15417993068695068, 6.479032516479492, -1.3305541479692695, 0, 0]
2
Final Shape: (64, 4)
# Actions: 66
# Collisions: 0
Success: 1
Agent Episode Distance: 9.250830315289502
Final Distance to Goal: 0.08004142030620326
SPL: 0.8850800506589515
Soft SPL: 0.8764277001547316
Called Stop: True
2020-05-27 06:21:29,280 Video created: videos/pi_s_0.15/212/coda_hard_p1_1/episode_0_SPL_0.89.mp4
  0%|          | 0/65 [00:00<?, ?it/s]IMAGEIO FFMPEG_WRITER WARNING: input image is not divisible by macro_block_size=16, resizing from (893, 256) to (896, 256) to ensure video compatibility with most codecs and players. To prevent resizing, make your input image divisible by the macro_block_size or set the macro_block_size to 1 (risking incompatibility).
  2%|▏         | 1/65 [00:00<00:11,  5.43it/s][swscaler @ 0x646aa00] Warning: data is not aligned! This can lead to a speed loss
 72%|███████▏  | 47/65 [00:00<00:02,  7.71it/s] 88%|████████▊ | 57/65 [00:00<00:00, 10.53it/s]100%|██████████| 65/65 [00:00<00:00, 109.82it/s]
Episodes finished: 1
Ep_id:  1 Start_pos:  [0.20682445168495178, 0.16391399502754211, -1.8743858337402344] [0, 0.5577021293177565, 0, -0.8300411646144066] Goal_pos:  [-4.717079162597656, 0.16391399502754211, -6.553456783294678]
[0, 0, 0, 2, 0]
[0.20682445168495178, 1.8743858337402344, -0.6596308783605821, 2, 0]
[0.20682445168495178, 1.8743858337402344, -0.1360320885321343, 2, 0]
[0.20682445168495178, 1.8743858337402344, 0.38756669582326386, 2, 0]
[0.20682445168495178, 1.8743858337402344, 0.9111654928281261, 2, 0]
[0.20682445168495178, 1.8743858337402344, 1.4347643400226306, 1, 0]
[-0.04086603224277496, 1.9082890748977661, 1.4347643400226306, 1, 0]
[-0.2885565161705017, 1.9421923160552979, 1.4347643400226306, 1, 0]
[-0.5362470149993896, 1.9760955572128296, 1.4347643400226306, 1, 0]
[-0.7839375138282776, 2.0099987983703613, 1.4347643400226306, 1, 0]
[-1.0316280126571655, 2.0439019203186035, 1.4347643400226306, 1, 0]
[-1.2793184518814087, 2.0778050422668457, 1.4347643400226306, 2, 0]
[-1.2793184518814087, 2.0778050422668457, 1.9583630641086873, 1, 0]
[-1.5107762813568115, 1.9833208322525024, 1.9583630641086873, 3, 0]
[-1.5107762813568115, 1.9833208322525024, 1.4347643400226306, 1, 0]
[-1.7584667205810547, 2.017224073410034, 1.4347643400226306, 3, 0]
[-1.7584667205810547, 2.017224073410034, 0.911165546353382, 3, 0]
[-1.7584667205810547, 2.017224073410034, 0.3875667543122684, 2, 0]
[-1.7584667205810547, 2.017224073410034, 0.911165546353382, 1, 0]
[-1.9560213088989258, 2.1704304218292236, 0.911165546353382, 1, 0]
[-2.153575897216797, 2.323636770248413, 0.911165546353382, 2, 0]
[-2.153575897216797, 2.323636770248413, 1.4347643400226306, 1, 0]
[-2.40126633644104, 2.3575398921966553, 1.4347643400226306, 2, 0]
[-2.40126633644104, 2.3575398921966553, 1.9583630641086873, 1, 0]
[-2.6327242851257324, 2.2630558013916016, 1.9583630641086873, 3, 0]
[-2.6327242851257324, 2.2630558013916016, 1.4347643400226306, 3, 0]
[-2.6327242851257324, 2.2630558013916016, 0.911165546353382, 3, 0]
[-2.6327242851257324, 2.2630558013916016, 0.3875667543122684, 1, 0]
[-2.727208375930786, 2.494513750076294, 0.3875667543122684, 3, 0]
[-2.727208375930786, 2.494513750076294, -0.13603199933189503, 1, 0]
[-2.693305253982544, 2.742204189300537, -0.13603199933189503, 1, 0]
[-2.6594021320343018, 2.9898946285247803, -0.13603199933189503, 1, 0]
[-2.6254990100860596, 3.2375850677490234, -0.13603199933189503, 2, 0]
[-2.6254990100860596, 3.2375850677490234, 0.38756678355677043, 2, 0]
[-2.6254990100860596, 3.2375850677490234, 0.9111655998786364, 2, 0]
[-2.6254990100860596, 3.2375850677490234, 1.4347643400226306, 1, 0]
[-2.8731894493103027, 3.2714881896972656, 1.4347643400226306, 1, 0]
[-3.120879888534546, 3.305391311645508, 1.4347643400226306, 1, 0]
[-3.368570327758789, 3.33929443359375, 1.4347643400226306, 3, 0]
[-3.368570327758789, 3.33929443359375, 0.911165546353382, 1, 0]
[-3.56612491607666, 3.4925007820129395, 0.911165546353382, 2, 0]
[-3.56612491607666, 3.4925007820129395, 1.4347643400226306, 1, 0]
[-3.8138153553009033, 3.5264039039611816, 1.4347643400226306, 1, 0]
[-4.0615057945251465, 3.560307025909424, 1.4347643400226306, 3, 0]
[-4.0615057945251465, 3.560307025909424, 0.911165546353382, 3, 0]
[-4.0615057945251465, 3.560307025909424, 0.3875667543122684, 1, 0]
[-4.155990123748779, 3.791764974594116, 0.3875667543122684, 1, 0]
[-4.250474452972412, 4.023222923278809, 0.3875667543122684, 1, 1]
[-4.331404685974121, 4.22147798538208, 0.3875667543122684, 2, 0]
[-4.331404685974121, 4.22147798538208, 0.911165546353382, 2, 0]
[-4.331404685974121, 4.22147798538208, 1.4347643400226306, 1, 0]
[-4.579095363616943, 4.255381107330322, 1.4347643400226306, 3, 0]
[-4.579095363616943, 4.255381107330322, 0.911165546353382, 3, 0]
[-4.579095363616943, 4.255381107330322, 0.3875667543122684, 1, 0]
[-4.673579692840576, 4.4868388175964355, 0.3875667543122684, 3, 0]
[-4.673579692840576, 4.4868388175964355, -0.13603199933189503, 1, 0]
[-4.639676570892334, 4.734529495239258, -0.13603199933189503, 1, 0]
[-4.605773448944092, 4.98222017288208, -0.13603199933189503, 1, 0]
[-4.57187032699585, 5.229910850524902, -0.13603199933189503, 2, 0]
[-4.57187032699585, 5.229910850524902, 0.38756678355677043, 1, 0]
[-4.666354656219482, 5.461368560791016, 0.38756678355677043, 3, 0]
[-4.666354656219482, 5.461368560791016, -0.13603196959848182, 1, 0]
[-4.63245153427124, 5.709059238433838, -0.13603196959848182, 1, 0]
[-4.598548412322998, 5.95674991607666, -0.13603196959848182, 2, 0]
[-4.598548412322998, 5.95674991607666, 0.3875668128012723, 1, 0]
[-4.693032741546631, 6.188207626342773, 0.3875668128012723, 3, 0]
[-4.693032741546631, 6.188207626342773, -0.13603196959848182, 1, 0]
[-4.659129619598389, 6.435898303985596, -0.13603196959848182, 2, 0]
[-4.659129619598389, 6.435898303985596, 0.3875668128012723, 1, 0]
[-4.7536139488220215, 6.667356014251709, 0.3875668128012723, 0, 0]
2
Final Shape: (67, 4)
# Actions: 70
# Collisions: 1
Success: 1
Agent Episode Distance: 8.964138194431388
Final Distance to Goal: 0.11961532266839066
SPL: 0.8423032675242985
Soft SPL: 0.8289595056776506
Called Stop: True
2020-05-27 06:21:33,261 Video created: videos/pi_s_0.15/212/coda_hard_p1_1/episode_1_SPL_0.84.mp4
  0%|          | 0/69 [00:00<?, ?it/s]IMAGEIO FFMPEG_WRITER WARNING: input image is not divisible by macro_block_size=16, resizing from (893, 256) to (896, 256) to ensure video compatibility with most codecs and players. To prevent resizing, make your input image divisible by the macro_block_size or set the macro_block_size to 1 (risking incompatibility).
[swscaler @ 0x676aa00] Warning: data is not aligned! This can lead to a speed loss
  3%|▎         | 2/69 [00:00<00:04, 15.95it/s] 68%|██████▊   | 47/69 [00:00<00:00, 22.24it/s] 81%|████████  | 56/69 [00:00<00:00, 28.60it/s] 94%|█████████▍| 65/69 [00:00<00:00, 35.69it/s]100%|██████████| 69/69 [00:00<00:00, 123.10it/s]
Episodes finished: 2
Ep_id:  2 Start_pos:  [-0.15913471579551697, 0.16391399502754211, 1.043324589729309] [0, 0.7124761882967874, 0, 0.7016962883684656] Goal_pos:  [-5.178501129150391, 0.16391399502754211, -3.472602605819702]
[0, 0, 0, 3, 0]
[-0.15913471579551697, -1.043324589729309, 1.062442865302037, 1, 0]
[-0.3775215148925781, -0.9216396808624268, 1.062442865302037, 1, 0]
[-0.5959082841873169, -0.7999547719955444, 1.062442865302037, 3, 0]
[-0.5959082841873169, -0.7999547719955444, 0.538844095076952, 3, 0]
[-0.5959082841873169, -0.7999547719955444, 0.015245317591054408, 1, 0]
[-0.5997194647789001, -0.5499838590621947, 0.015245317591054408, 1, 0]
[-0.6035306453704834, -0.30001291632652277, 0.015245317591054408, 1, 0]
[-0.6073418259620667, -0.0500419735908508, 0.015245317591054408, 1, 0]
[-0.6111530065536499, 0.1999289691448212, 0.015245317591054408, 1, 0]
[-0.6149641871452332, 0.44989991188049316, 0.015245317591054408, 1, 0]
[-0.6187753677368164, 0.6998708248138428, 0.015245317591054408, 2, 0]
[-0.6187753677368164, 0.6998708248138428, 0.5388440633464948, 2, 0]
[-0.6187753677368164, 0.6998708248138428, 1.0624427625211068, 2, 0]
[-0.6187753677368164, 0.6998708248138428, 1.586041579657154, 1, 0]
[-0.868746280670166, 0.6960597038269043, 1.586041579657154, 1, 0]
[-1.1187171936035156, 0.6922485828399658, 1.586041579657154, 2, 0]
[-1.1187171936035156, 0.6922485828399658, 2.1096404164992886, 1, 0]
[-1.333292841911316, 0.5639625191688538, 2.1096404164992886, 1, 0]
[-1.5478684902191162, 0.4356764554977418, 2.1096404164992886, 1, 0]
[-1.7624441385269165, 0.3073903918266297, 2.1096404164992886, 1, 0]
[-1.9770197868347168, 0.17910432815551763, 2.1096404164992886, 3, 0]
[-1.9770197868347168, 0.17910432815551763, 1.586041663305866, 1, 0]
[-2.2269906997680664, 0.17529311776161194, 1.586041663305866, 2, 0]
[-2.2269906997680664, 0.17529311776161194, 2.1096404753152562, 1, 0]
[-2.441566228866577, 0.047007024288177525, 2.1096404753152562, 2, 0]
[-2.441566228866577, 0.047007024288177525, 2.6332393178232913, 3, 0]
[-2.441566228866577, 0.047007024288177525, 2.109640579004871, 3, 0]
[-2.441566228866577, 0.047007024288177525, 1.5860418318883556, 1, 0]
[-2.6915371417999268, 0.04319578409194949, 1.5860418318883556, 3, 0]
[-2.6915371417999268, 0.04319578409194949, 1.0624430284728201, 3, 0]
[-2.6915371417999268, 0.04319578409194949, 0.5388442674401519, 3, 0]
[-2.6915371417999268, 0.04319578409194949, 0.015245496399789211, 1, 0]
[-2.6953482627868652, 0.29316672682762146, 0.015245496399789211, 2, 0]
[-2.6953482627868652, 0.29316672682762146, 0.5388442674401519, 2, 0]
[-2.6953482627868652, 0.29316672682762146, 1.0624430284728201, 2, 0]
[-2.6953482627868652, 0.29316672682762146, 1.5860418318883556, 1, 0]
[-2.945319175720215, 0.2893554866313935, 1.5860418318883556, 1, 0]
[-3.1952900886535645, 0.28554424643516546, 1.5860418318883556, 1, 0]
[-3.445261001586914, 0.2817330062389374, 1.5860418318883556, 3, 0]
[-3.445261001586914, 0.2817330062389374, 1.0624430284728201, 1, 0]
[-3.6636478900909424, 0.40341785550117504, 1.0624430284728201, 1, 0]
[-3.8820347785949707, 0.5251027345657349, 1.0624430284728201, 1, 0]
[-4.10042142868042, 0.6467875838279724, 1.0624430284728201, 3, 0]
[-4.10042142868042, 0.6467875838279724, 0.5388442674401519, 3, 0]
[-4.10042142868042, 0.6467875838279724, 0.015245496399789211, 1, 0]
[-4.1042327880859375, 0.8967585563659668, 0.015245496399789211, 2, 0]
[-4.1042327880859375, 0.8967585563659668, 0.5388442674401519, 2, 0]
[-4.1042327880859375, 0.8967585563659668, 1.0624430284728201, 1, 0]
[-4.322619438171387, 1.0184433460235596, 1.0624430284728201, 3, 0]
[-4.322619438171387, 1.0184433460235596, 0.5388442674401519, 3, 0]
[-4.322619438171387, 1.0184433460235596, 0.015245496399789211, 3, 0]
[-4.322619438171387, 1.0184433460235596, -0.5083532780769191, 1, 0]
[-4.200934410095215, 1.2368301153182983, -0.5083532780769191, 2, 0]
[-4.200934410095215, 1.2368301153182983, 0.015245465667037933, 2, 0]
[-4.200934410095215, 1.2368301153182983, 0.5388442674401519, 1, 0]
[-4.329220294952393, 1.451405644416809, 0.5388442674401519, 1, 0]
[-4.45750617980957, 1.6659811735153198, 0.5388442674401519, 1, 0]
[-4.585792064666748, 1.8805567026138306, 0.5388442674401519, 1, 0]
[-4.714077949523926, 2.095132350921631, 0.5388442674401519, 1, 0]
[-4.8423638343811035, 2.3097078800201416, 0.5388442674401519, 3, 0]
[-4.8423638343811035, 2.3097078800201416, 0.015245496399789211, 1, 0]
[-4.846175193786621, 2.559678792953491, 0.015245496399789211, 2, 0]
[-4.846175193786621, 2.559678792953491, 0.5388442674401519, 1, 0]
[-4.974461078643799, 2.774254322052002, 0.5388442674401519, 1, 0]
[-5.102746963500977, 2.9888298511505127, 0.5388442674401519, 3, 0]
[-5.102746963500977, 2.9888298511505127, 0.015245496399789211, 1, 0]
[-5.106558322906494, 3.2388007640838623, 0.015245496399789211, 2, 0]
[-5.106558322906494, 3.2388007640838623, 0.5388442674401519, 1, 0]
[-5.234844207763672, 3.453376293182373, 0.5388442674401519, 0, 0]
2
Final Shape: (68, 4)
# Actions: 70
# Collisions: 0
Success: 1
Agent Episode Distance: 9.249998606415978
Final Distance to Goal: 0.0595331303162425
SPL: 0.7399850594325834
Soft SPL: 0.73354904416613
Called Stop: True
2020-05-27 06:21:37,232 Video created: videos/pi_s_0.15/212/coda_hard_p1_1/episode_2_SPL_0.74.mp4
  0%|          | 0/69 [00:00<?, ?it/s]IMAGEIO FFMPEG_WRITER WARNING: input image is not divisible by macro_block_size=16, resizing from (893, 256) to (896, 256) to ensure video compatibility with most codecs and players. To prevent resizing, make your input image divisible by the macro_block_size or set the macro_block_size to 1 (risking incompatibility).
[swscaler @ 0x5b53a00] Warning: data is not aligned! This can lead to a speed loss
  3%|▎         | 2/69 [00:00<00:03, 17.64it/s] 68%|██████▊   | 47/69 [00:00<00:00, 24.59it/s] 83%|████████▎ | 57/69 [00:00<00:00, 31.10it/s] 97%|█████████▋| 67/69 [00:00<00:00, 37.67it/s]100%|██████████| 69/69 [00:00<00:00, 126.85it/s]
Episodes finished: 3
Ep_id:  3 Start_pos:  [-2.419170618057251, 0.16391399502754211, -2.38100004196167] [0, 0.6129730264745988, 0, 0.7901038341981202] Goal_pos:  [0.1909765899181366, 0.17794539034366608, -8.346748352050781]
[0, 0, 0, 3, 0]
[-2.419170618057251, 2.38100004196167, 0.7960371403170359, 1, 0]
[-2.597817897796631, 2.5558860301971436, 0.7960371403170359, 3, 0]
[-2.597817897796631, 2.5558860301971436, 0.2724383509077765, 1, 0]
[-2.665088176727295, 2.7966654300689697, 0.2724383509077765, 3, 0]
[-2.665088176727295, 2.7966654300689697, -0.25116044434491414, 2, 0]
[-2.665088176727295, 2.7966654300689697, 0.2724383051931114, 1, 0]
[-2.732358455657959, 3.037444829940796, 0.2724383051931114, 1, 0]
[-2.799628734588623, 3.278224229812622, 0.2724383051931114, 1, 0]
[-2.866899013519287, 3.5190036296844482, 0.2724383051931114, 1, 0]
[-2.934169292449951, 3.7597830295562744, 0.2724383051931114, 3, 0]
[-2.934169292449951, 3.7597830295562744, -0.25116044434491414, 1, 0]
[-2.872037172317505, 4.001939296722412, -0.25116044434491414, 1, 0]
[-2.8099050521850586, 4.244095325469971, -0.25116044434491414, 3, 0]
[-2.8099050521850586, 4.244095325469971, -0.7747592089521883, 3, 0]
[-2.8099050521850586, 4.244095325469971, -1.2983580117726659, 1, 0]
[-2.5691256523132324, 4.311365604400635, -1.2983580117726659, 2, 0]
[-2.5691256523132324, 4.311365604400635, -0.7747592089521883, 2, 0]
[-2.5691256523132324, 4.311365604400635, -0.2511604739125465, 1, 0]
[-2.506993532180786, 4.553521633148193, -0.2511604739125465, 1, 0]
[-2.44486141204834, 4.795677661895752, -0.2511604739125465, 1, 0]
[-2.3827292919158936, 5.0378336906433105, -0.2511604739125465, 3, 0]
[-2.3827292919158936, 5.0378336906433105, -0.7747592089521883, 1, 0]
[-2.20784330368042, 5.2164812088012695, -0.7747592089521883, 2, 0]
[-2.20784330368042, 5.2164812088012695, -0.2511604739125465, 1, 0]
[-2.1457111835479736, 5.458637237548828, -0.2511604739125465, 1, 0]
[-2.0835790634155273, 5.700793266296387, -0.2511604739125465, 3, 0]
[-2.0835790634155273, 5.700793266296387, -0.7747592089521883, 2, 0]
[-2.0835790634155273, 5.700793266296387, -0.2511604739125465, 1, 0]
[-2.021446943283081, 5.942949295043945, -0.2511604739125465, 3, 0]
[-2.021446943283081, 5.942949295043945, -0.7747592089521883, 1, 0]
[-1.8465609550476074, 6.121596813201904, -0.7747592089521883, 2, 0]
[-1.8465609550476074, 6.121596813201904, -0.2511604739125465, 1, 0]
[-1.7844289541244507, 6.363752841949463, -0.2511604739125465, 3, 0]
[-1.7844289541244507, 6.363752841949463, -0.7747592089521883, 1, 0]
[-1.609542965888977, 6.542400360107422, -0.7747592089521883, 1, 0]
[-1.4346569776535034, 6.721047878265381, -0.7747592089521883, 2, 0]
[-1.4346569776535034, 6.721047878265381, -0.2511604739125465, 3, 0]
[-1.4346569776535034, 6.721047878265381, -0.7747592089521883, 3, 0]
[-1.4346569776535034, 6.721047878265381, -1.2983580117726659, 3, 0]
[-1.4346569776535034, 6.721047878265381, -1.8219568299576314, 1, 0]
[-1.1925008296966553, 6.658915996551514, -1.8219568299576314, 1, 0]
[-0.9503446221351624, 6.5967841148376465, -1.8219568299576314, 2, 0]
[-0.9503446221351624, 6.5967841148376465, -1.2983580117726659, 2, 0]
[-0.9503446221351624, 6.5967841148376465, -0.7747592089521883, 2, 0]
[-0.9503446221351624, 6.5967841148376465, -0.2511604739125465, 2, 0]
[-0.9503446221351624, 6.5967841148376465, 0.2724383051931114, 2, 0]
[-0.9503446221351624, 6.5967841148376465, 0.7960370941124036, 1, 0]
[-1.128991961479187, 6.771670341491699, 0.7960370941124036, 1, 0]
[-1.3076393604278564, 6.946556568145752, 0.7960370941124036, 3, 0]
[-1.3076393604278564, 6.946556568145752, 0.2724383051931114, 3, 0]
[-1.3076393604278564, 6.946556568145752, -0.25116044434491414, 1, 0]
[-1.2455073595046997, 7.1887125968933105, -0.25116044434491414, 3, 0]
[-1.2455073595046997, 7.1887125968933105, -0.7747592089521883, 3, 0]
[-1.2455073595046997, 7.1887125968933105, -1.2983580117726659, 1, 0]
[-1.0047279596328735, 7.255982875823975, -1.2983580117726659, 1, 0]
[-0.7639485001564026, 7.323253154754638, -1.2983580117726659, 2, 0]
[-0.7639485001564026, 7.323253154754638, -0.7747592089521883, 2, 0]
[-0.7639485001564026, 7.323253154754638, -0.2511604739125465, 1, 0]
[-0.7018164396286011, 7.565409183502197, -0.2511604739125465, 3, 0]
[-0.7018164396286011, 7.565409183502197, -0.7747592089521883, 3, 0]
[-0.7018164396286011, 7.565409183502197, -1.2983580117726659, 1, 0]
[-0.4610369801521301, 7.632679462432861, -1.2983580117726659, 2, 0]
[-0.4610369801521301, 7.632679462432861, -0.7747592089521883, 2, 0]
[-0.4610369801521301, 7.632679462432861, -0.2511604739125465, 2, 0]
[-0.4610369801521301, 7.632679462432861, 0.2724383051931114, 3, 0]
[-0.4610369801521301, 7.632679462432861, -0.25116044434491414, 3, 0]
[-0.4610369801521301, 7.632679462432861, -0.7747592089521883, 1, 0]
[-0.2861509323120117, 7.81132698059082, -0.7747592089521883, 1, 0]
[-0.1112648993730545, 7.989974498748779, -0.7747592089521883, 1, 0]
[0.06362113356590271, 8.168622016906738, -0.7747592089521883, 1, 0]
[0.23850716650485992, 8.347269058227539, -0.7747592089521883, 0, 0]
2
Final Shape: (70, 4)
# Actions: 72
# Collisions: 0
Success: 1
Agent Episode Distance: 8.260095211234061
Final Distance to Goal: 0.04759547123937408
SPL: 0.815257002853608
Soft SPL: 0.8094949055897466
Called Stop: True
2020-05-27 06:21:41,264 Video created: videos/pi_s_0.15/212/coda_hard_p1_1/episode_3_SPL_0.82.mp4
  0%|          | 0/71 [00:00<?, ?it/s]IMAGEIO FFMPEG_WRITER WARNING: input image is not divisible by macro_block_size=16, resizing from (893, 256) to (896, 256) to ensure video compatibility with most codecs and players. To prevent resizing, make your input image divisible by the macro_block_size or set the macro_block_size to 1 (risking incompatibility).
[swscaler @ 0x5804a00] Warning: data is not aligned! This can lead to a speed loss
  3%|▎         | 2/71 [00:00<00:03, 18.56it/s] 66%|██████▌   | 47/71 [00:00<00:00, 25.81it/s] 80%|████████  | 57/71 [00:00<00:00, 32.68it/s] 93%|█████████▎| 66/71 [00:00<00:00, 40.14it/s]100%|██████████| 71/71 [00:00<00:00, 129.69it/s]
Episodes finished: 4
Ep_id:  4 Start_pos:  [-0.645841658115387, 0.16391399502754211, -5.182430744171143] [0, 0.9457799462542936, 0, 0.3248080868193177] Goal_pos:  [-3.555983304977417, 0.16391399502754211, -7.513195514678955]
[0, 0, 0, 3, 0]
[-0.645841658115387, 5.182430744171143, 1.956376209413861, 3, 0]
[-0.645841658115387, 5.182430744171143, 1.4327773477216446, 3, 0]
[-0.645841658115387, 5.182430744171143, 0.9091785354234432, 1, 0]
[-0.8430914878845215, 5.336029052734375, 0.9091785354234432, 1, 0]
[-1.0403413772583008, 5.489627361297607, 0.9091785354234432, 3, 0]
[-1.0403413772583008, 5.489627361297607, 0.3855797503875245, 1, 0]
[-1.134365439414978, 5.7212724685668945, 0.3855797503875245, 1, 0]
[-1.2283895015716553, 5.952917575836182, 0.3855797503875245, 1, 0]
[-1.3224135637283325, 6.184562683105469, 0.3855797503875245, 2, 0]
[-1.3224135637283325, 6.184562683105469, 0.9091785354234432, 2, 0]
[-1.3224135637283325, 6.184562683105469, 1.4327773477216446, 2, 0]
[-1.3224135637283325, 6.184562683105469, 1.9563761105313373, 3, 0]
[-1.3224135637283325, 6.184562683105469, 1.432777257816135, 1, 0]
[-1.5700361728668213, 6.218957901000977, 1.432777257816135, 1, 0]
[-1.81765878200531, 6.253353118896484, 1.432777257816135, 1, 0]
[-2.065281391143799, 6.287748336791992, 1.432777257816135, 1, 0]
[-2.312904119491577, 6.3221435546875, 1.432777257816135, 1, 0]
[-2.5605268478393555, 6.356538772583008, 1.432777257816135, 3, 0]
[-2.5605268478393555, 6.356538772583008, 0.9091784818721612, 1, 0]
[-2.7577767372131348, 6.51013708114624, 0.9091784818721612, 3, 0]
[-2.7577767372131348, 6.51013708114624, 0.3855796918871462, 1, 0]
[-2.8518009185791016, 6.741782188415527, 0.3855796918871462, 1, 0]
[-2.9458250999450684, 6.9734272956848145, 0.3855796918871462, 2, 0]
[-2.9458250999450684, 6.9734272956848145, 0.9091784818721612, 2, 0]
[-2.9458250999450684, 6.9734272956848145, 1.432777257816135, 2, 0]
[-2.9458250999450684, 6.9734272956848145, 1.9563759450672749, 1, 0]
[-3.1774702072143555, 6.879403114318848, 1.9563759450672749, 3, 0]
[-3.1774702072143555, 6.879403114318848, 1.4327771795355309, 3, 0]
[-3.1774702072143555, 6.879403114318848, 0.9091783759768831, 3, 0]
[-3.1774702072143555, 6.879403114318848, 0.3855796041365775, 1, 0]
[-3.2714943885803223, 7.111048221588135, 0.3855796041365775, 1, 0]
[-3.365518569946289, 7.342693328857422, 0.3855796041365775, 2, 0]
[-3.365518569946289, 7.342693328857422, 0.9091784283208778, 1, 0]
[-3.5627684593200684, 7.4962921142578125, 0.9091784283208778, 0, 0]
2
Final Shape: (33, 4)
# Actions: 35
# Collisions: 0
Success: 1
Agent Episode Distance: 4.251031016439794
Final Distance to Goal: 0.018214369746194455
SPL: 0.8770711775262233
Soft SPL: 0.8727864829813802
Called Stop: True
2020-05-27 06:21:43,858 Video created: videos/pi_s_0.15/212/coda_hard_p1_1/episode_4_SPL_0.88.mp4
  0%|          | 0/34 [00:00<?, ?it/s]IMAGEIO FFMPEG_WRITER WARNING: input image is not divisible by macro_block_size=16, resizing from (893, 256) to (896, 256) to ensure video compatibility with most codecs and players. To prevent resizing, make your input image divisible by the macro_block_size or set the macro_block_size to 1 (risking incompatibility).
[swscaler @ 0x6714a00] Warning: data is not aligned! This can lead to a speed loss
  6%|▌         | 2/34 [00:00<00:01, 17.23it/s]100%|██████████| 34/34 [00:00<00:00, 181.72it/s]
Episodes finished: 5
Number of episodes: 5
Average episode reward: 15.918130
Average episode success: 1.000000
Average episode spl: 0.831939
Stats actions: defaultdict(<class 'int'>, {3: 79, 1: 160, 2: 69, 0: 5})
noisy hard run 2: coda_hard_p1
